3861
0
0
0
0
0
3815
3845
3861
3826
3797
0
0
0
0
0
3847
3829
3835
3820
3847
0
0
0
0
0
3837
3833
3862
3821
3834
0
0
0
0
0
3827
3823
3829
3823
3824
0
0
0
0
0
3829
3853
3845
3824
3836
0
0
0
0
0
3832
3836
3795
3816
3835
0
0
0
0
0
3821
3832
3848
3837
3844
0
0
0
0
0
3815
3787
3807
3871
3825
0
0
0
0
0
3838
3817
3815
3790
3851
0
0
0
0
0
3883
3819
3823
3796
3835
0
0
0
0
0
3828
3822
3813
3784
3812
0
0
0
0
0
3818
3799
3844
3832
3829
0
0
0
0
0
3865
3812
3835
3853
3868
0
0
0
0
0
3884
3881
3799
3846
3814
0
0
0
0
0
3824
3837
3853
3847
3865
0
0
0
0
0
3832
3812
3839
3861
3832
0
0
0
0
0
3807
3840
3839
3837
3819
0
0
0
0
0
3831
3805
3820
3843
3752
0
0
0
0
0
3810
3831
3817
3852
3823
0
0
0
0
0
3822
3807
3815
3856
3831
0
0
0
0
0
3813
3799
3837
3851
3819
0
0
0
0
0
3853
3852
3840
3821
3795
0
0
0
0
0
3857
3816
3827
3809
3836
0
0
0
0
0
3815
3817
3809
3840
3790
0
0
0
0
0
3853
3852
3834
3848
3791
0
0
0
0
0
3826
3835
3797
3823
3838
0
0
0
0
0
3836
3868
3823
3816
3829
0
0
0
0
0
3833
3814
3831
3875
3822
0
0
0
0
0
3817
3791
3848
3836
3816
0
0
0
0
0
3853
3803
3805
3819
3816
0
0
0
0
0
3815
3760
3823
3817
3829
0
0
0
0
0
3836
3811
3851
3851
3811
0
0
0
0
0
3849
3870
3837
3867
3849
0
0
0
0
0
3800
3868
3798
3827
3828
0
0
0
0
0
3821
3822
3817
3851
3877
0
0
0
0
0
3838
3807
3854
3839
3774
0
0
0
0
0
3819
3838
3851
3851
3785
0
0
0
0
0
3849
3826
3785
3811
3820
0
0
0
0
0
3806
3821
3815
3821
3827
0
0
0
0
0
3816
3840
3851
3809
3820
0
0
0
0
0
3861
3849
3835
3852
3837
0
0
0
0
0
3836
3804
3820
3855
3834
0
0
0
0
0
3829
3800
3863
3835
3815
0
0
0
0
0
3833
3846
3827
3831
3833
0
0
0
0
0
3832
3871
3800
3827
3829
0
0
0
0
0
3811
3825
3817
3803
3817
0
0
0
0
0
3833
3879
3815
3828
3838
0
0
0
0
0
3847
3848
3815
3833
3833
0
0
0
0
0
3811
3815
3867
3834
3847
0
0
0
0
0
3814
3832
3831
3836
3819
0
0
0
0
0
3822
3851
3837
3802
3788
0
0
0
0
0
3862
3839
3851
3800
3817
0
0
0
0
0
3818
3805
3809
3825
3815
0
0
0
0
0
3887
3851
3809
3833
3829
0
0
0
0
0
3815
3804
3828
3808
3848
0
0
0
0
0
3822
3821
3837
3812
3817
0
0
0
0
0
3835
3812
3840
3832
3797
0
0
0
0
0
3812
3847
3849
3798
3837
0
0
0
0
0
3831
3864
3823
3838
3832
0
0
0
0
0
3827
3805
3821
3835
3823
0
0
0
0
0
3837
3847
3832
3829
3829
0
0
0
0
0
3862
3853
3819
3796
3832
0
0
0
0
0
3839
3811
3831
3853
3817
0
0
0
0
0
3848
3830
3837
3832
3806
0
0
0
0
0
3821
3884
3812
3820
3819
0
0
0
0
0
3824
3831
3851
3816
3833
0
0
0
0
0
3836
3819
3827
3822
3803
0
0
0
0
0
3835
3827
3772
3827
3837
0
0
0
0
0
3832
3795
3829
3854
3819
0
0
0
0
0
3848
3856
3851
3837
3815
0
0
0
0
0
3880
3834
3817
3826
3848
0
0
0
0
0
3820
3822
3800
3823
3833
0
0
0
0
0
3836
3787
3812
3814
3851
0
0
0
0
0
3846
3811
3835
3847
3835
0
0
0
0
0
3847
3831
3851
3799
3815
0
0
0
0
0
3824
3836
3829
3803
3837
0
0
0
0
0
3820
3839
3787
3815
3832
0
0
0
0
0
3816
3816
3801
3829
3847
0
0
0
0
0
3831
3812
3837
3815
3822
0
0
0
0
0
3840
3853
3832
3819
3853
0
0
0
0
0
3803
3831
3832
3854
3816
0
0
0
0
0
3855
3794
3831
3839
3829
0
0
0
0
0
3824
3871
3834
3845
3820
0
0
0
0
0
3852
3801
3853
3831
3836
0
0
0
0
0
3816
3858
3838
3823
3813
0
0
0
0
0
3840
3828
3819
3837
3853
0
0
0
0
0
3886
3805
3827
3817
3816
0
0
0
0
0
3819
3833
3826
3861
3830
0
0
0
0
0
3819
3853
3846
3818
3861
0
0
0
0
0
3837
3816
3862
3870
3829
0
0
0
0
0
3851
3821
3845
3827
3871
0
0
0
0
0
3791
3820
3853
3815
3828
0
0
0
0
0
3856
3795
3837
3837
3800
0
0
0
0
0
3787
3802
3816
3827
3816
0
0
0
0
0
3804
3821
3824
3839
3851
0
0
0
0
0
3823
3791
3816
3811
3848
0
0
0
0
0
3835
3839
3833
3838
3808
0
0
0
0
0
3873
3833
3817
3807
3848
0
0
0
0
0
3817
3862
3849
3849
3845
0
0
0
0
0
3795
3819
3819
3853
3872
0
0
0
0
0
3852
3807
3867
3862
3845
0
0
0
0
0
3807
3849
3860
3815
3813
0
0
0
0
0
3829
3839
3817
3833
3847
0
0
0
0
0
3820
3829
3820
3848
3812
0
0
0
0
0
3828
3829
3782
3838
3822
0
0
0
0
0
3792
3793
3853
3838
3835
0
0
0
0
0
3807
3849
3872
3827
3847
0
0
0
0
0
3812
3833
3820
3868
3837
0
0
0
0
0
3838
3823
3815
3829
3865
0
0
0
0
0
3796
3875
3865
3808
3810
0
0
0
0
0
3829
3859
3806
3867
3805
0
0
0
0
0
3851
3803
3847
3813
3811
0
0
0
0
0
3850
3849
3813
3810
3823
0
0
0
0
0
3857
3879
3831
3805
3819
0
0
0
0
0
3821
3861
3856
3865
3803
0
0
0
0
0
3820
3875
3812
3819
3806
0
0
0
0
0
3835
3838
3793
3870
3823
0
0
0
0
0
3864
3838
3816
3848
3797
0
0
0
0
0
3837
3839
3833
3814
3836
0
0
0
0
0
3830
3849
3835
3815
3833
0
0
0
0
0
3852
3802
3816
3811
3836
0
0
0
0
0
3829
3809
3821
3821
3819
0
0
0
0
0
3811
3824
3865
3828
3838
0
0
0
0
0
3816
3816
3847
3821
3821
0
0
0
0
0
3831
3863
3857
3859
3864
0
0
0
0
0
3801
3847
3833
3823
3839
0
0
0
0
0
3839
3819
3827
3812
3819
0
0
0
0
0
3800
3851
3823
3835
3803
0
0
0
0
0
3857
3824
3831
3851
3815
0
0
0
0
0
3829
3812
3847
3821
3814
0
0
0
0
0
3817
3839
3838
3796
3820
0
0
0
0
0
3816
3837
3815
3821
3814
0
0
0
0
0
3831
3872
3865
3802
3827
0
0
0
0
0
3811
3817
3823
3820
3835
0
0
0
0
0
3820
3870
3858
3880
3821
0
0
0
0
0
3815
3848
3839
3825
3833
0
0
0
0
0
3815
3853
3823
3853
3814
0
0
0
0
0
3829
3807
3821
3827
3817
0
0
0
0
0
3821
3828
3814
3824
3818
0
0
0
0
0
3819
3832
3831
3821
3827
0
0
0
0
0
3821
3795
3827
3814
3807
0
0
0
0
0
3822
3815
3832
3834
3833
0
0
0
0
0
3800
3852
3844
3816
3855
0
0
0
0
0
3836
3868
3816
3836
3840
0
0
0
0
0
3835
3775
3832
3811
3835
0
0
0
0
0
3825
3815
3828
3831
3866
0
0
0
0
0
3818
3804
3781
3819
3820
0
0
0
0
0
3795
3855
3808
3831
3824
0
0
0
0
0
3847
3859
3800
3860
3805
0
0
0
0
0
3804
3831
3831
3824
3811
0
0
0
0
0
3848
3807
3852
3860
3823
0
0
0
0
0
3827
3813
3817
3871
3801
0
0
0
0
0
3795
3794
3836
3833
3823
0
0
0
0
0
3820
3851
3800
3828
3824
0
0
0
0
0
3771
3879
3829
3809
3828
0
0
0
0
0
3856
3832
3833
3800
3823
0
0
0
0
0
3807
3822
3839
3805
3859
0
0
0
0
0
3835
3808
3834
3856
3789
0
0
0
0
0
3829
3834
3804
3829
3854
0
0
0
0
0
3787
3839
3804
3831
3851
0
0
0
0
0
3838
3825
3857
3845
3821
0
0
0
0
0
3847
3800
3840
3859
3810
0
0
0
0
0
3831
3819
3847
3877
3805
0
0
0
0
0
3827
3855
3827
3827
3849
0
0
0
0
0
3813
3867
3815
3848
3844
0
0
0
0
0
3805
3789
3809
3870
3816
0
0
0
0
0
3851
3795
3835
3835
3836
0
0
0
0
0
3840
3848
3859
3819
3835
0
0
0
0
0
3823
3829
3803
3814
3807
0
0
0
0
0
3831
3859
3787
3833
3832
0
0
0
0
0
3816
3838
3815
3799
3834
0
0
0
0
0
3854
3797
3816
3837
3851
0
0
0
0
0
3829
3848
3847
3833
3837
0
0
0
0
0
3795
3799
3851
3781
3837
0
0
0
0
0
3787
3836
3839
3832
3817
0
0
0
0
0
3815
3837
3832
3819
3856
0
0
0
0
0
3847
3864
3819
3816
3829
0
0
0
0
0
3820
3820
3829
3801
3829
0
0
0
0
0
3804
3795
3835
3845
3819
0
0
0
0
0
3835
3835
3839
3820
3849
0
0
0
0
0
3792
3815
3824
3827
3827
0
0
0
0
0
3833
3809
3819
3824
3835
0
0
0
0
0
3859
3840
3823
3838
3831
0
0
0
0
0
3815
3829
3853
3862
3796
0
0
0
0
0
3803
3861
3836
3796
3810
0
0
0
0
0
3859
3811
3840
3793
3849
0
0
0
0
0
3819
3855
3851
3819
3820
0
0
0
0
0
3800
3837
3837
3853
3818
0
0
0
0
0
3835
3855
3847
3823
3831
0
0
0
0
0
3819
3882
3815
3849
3864
0
0
0
0
0
3811
3815
3805
3820
3832
0
0
0
0
0
3811
3816
3886
3818
3827
0
0
0
0
0
3843
3846
3832
3811
3801
0
0
0
0
0
3834
3837
3803
3851
3835
0
0
0
0
0
3815
3859
3839
3852
3823
0
0
0
0
0
3860
3793
3827
3815
3824
0
0
0
0
0
3817
3815
3864
3821
3838
0
0
0
0
0
3823
3837
3805
3824
3798
0
0
0
0
0
3815
3835
3821
3828
3864
0
0
0
0
0
3847
3829
3860
3856
3817
0
0
0
0
0
3826
3828
3852
3855
3848
0
0
0
0
0
3790
3807
3811
3804
3821
0
0
0
0
0
3847
3849
3863
3809
3783
0
0
0
0
0
3837
3811
3822
3805
3832
0
0
0
0
0
3809
3800
3822
3819
3792
0
0
0
0
0
3847
3830
3771
3876
3824
0
0
0
0
0
3808
3834
3848
3845
3815
0
0
0
0
0
3831
3819
3845
3831
3819
0
0
0
0
0
3806
3854
3818
3800
3811
0
0
0
0
0
3797
3865
3831
3827
3853
0
0
0
0
0
3817
3864
3859
3793
3822
0
0
0
0
0
3829
3772
3801
3795
3863
0
0
0
0
0
3849
3851
3860
3821
3829
0
0
0
0
0
3832
3801
3816
3828
3831
0
0
0
0
0
3840
3815
3816
3824
3847
0
0
0
0
0
3816
3804
3782
3831
3829
0
0
0
0
0
3817
3835
3823
3836
3817
0
0
0
0
0
3825
3831
3804
3805
3857
0
0
0
0
0
3804
3828
3869
3848
3817
0
0
0
0
0
3827
3863
3813
3848
3875
0
0
0
0
0
3788
3851
3821
3827
3820
0
0
0
0
0
3825
3805
3816
3847
3827
0
0
0
0
0
3880
3793
3847
3852
3825
0
0
0
0
0
3832
3827
3831
3851
3833
0
0
0
0
0
3838
3837
3835
3853
3782
0
0
0
0
0
3793
3854
3821
3803
3813
0
0
0
0
0
3811
3821
3832
3859
3816
0
0
0
0
0
3845
3850
3805
3821
3827
0
0
0
0
0
3827
3853
3813
3859
3840
0
0
0
0
0
3833
3847
3833
3804
3804
0
0
0
0
0
3866
3864
3824
3827
3824
0
0
0
0
0
3859
3821
3821
3808
3796
0
0
0
0
0
3864
3799
3827
3830
3836
0
0
0
0
0
3823
3857
3853
3877
3803
0
0
0
0
0
3811
3829
3791
3867
3815
0
0
0
0
0
3838
3836
3831
3827
3821
0
0
0
0
0
3851
3819
3822
3819
3793
0
0
0
0
0
3839
3823
3823
3823
3835
0
0
0
0
0
3863
3856
3832
3822
3802
0
0
0
0
0
3815
3813
3820
3819
3845
0
0
0
0
0
3824
3814
3803
3839
3809
0
0
0
0
0
3856
3809
3857
3825
3801
0
0
0
0
0
3823
3840
3823
3811
3863
0
0
0
0
0
3861
3819
3831
3834
3853
0
0
0
0
0
3851
3837
3800
3881
3861
0
0
0
0
0
3816
3840
3895
3809
3836
0
0
0
0
0
3793
3845
3853
3824
3822
0
0
0
0
0
3877
3803
3795
3832
3851
0
0
0
0
0
3849
3810
3846
3839
3815
0
0
0
0
0
3857
3811
3817
3827
3861
0
0
0
0
0
3839
3782
3835
3801
3822
0
0
0
0
0
3831
3837
3867
3784
3817
0
0
0
0
0
3856
3829
3820
3877
3813
0
0
0
0
0
3829
3784
3832
3851
3824
0
0
0
0
0
3859
3781
3827
3817
3839
0
0
0
0
0
3817
3803
3831
3827
3811
0
0
0
0
0
3819
3851
3863
3836
3780
0
0
0
0
0
3827
3845
3827
3865
3819
0
0
0
0
0
3837
3867
3870
3823
3835
0
0
0
0
0
3830
3822
3812
3831
3795
0
0
0
0
0
3819
3823
3818
3820
3802
0
0
0
0
0
3820
3831
3853
3827
3816
0
0
0
0
0
3854
3839
3867
3897
3822
0
0
0
0
0
3802
3833
3819
3862
3794
0
0
0
0
0
3823
3826
3805
3854
3848
0
0
0
0
0
3808
3849
3820
3853
3821
0
0
0
0
0
3817
3800
3840
3800
3820
0
0
0
0
0
3837
3824
3827
3851
3822
0
0
0
0
0
3815
3802
3800
3832
3831
0
0
0
0
0
3817
3811
3843
3847
3845
0
0
0
0
0
3822
3829
3827
3848
3854
0
0
0
0
0
3845
3844
3859
3849
3816
0
0
0
0
0
3845
3859
3832
3805
3864
0
0
0
0
0
3836
3815
3840
3815
3819
0
0
0
0
0
3823
3823
3830
3857
3823
0
0
0
0
0
3817
3861
3824
3837
3815
0
0
0
0
0
3827
3801
3827
3823
3832
0
0
0
0
0
3847
3834
3820
3789
3836
0
0
0
0
0
3896
3797
3820
3851
3828
0
0
0
0
0
3879
3835
3813
3868
3847
0
0
0
0
0
3811
3828
3839
3847
3835
0
0
0
0
0
3824
3837
3832
3839
3853
0
0
0
0
0
3806
3860
3835
3813
3836
0
0
0
0
0
3793
3827
3815
3839
3789
0
0
0
0
0
3811
3851
3840
3859
3827
0
0
0
0
0
3769
3820
3812
3825
3817
0
0
0
0
0
3833
3810
3838
3835
3823
0
0
0
0
0
3819
3806
3831
3857
3797
0
0
0
0
0
3783
3856
3807
3837
3852
0
0
0
0
0
3829
3833
3837
3858
3803
0
0
0
0
0
3865
3822
3845
3832
3821
0
0
0
0
0
3816
3795
3870
3816
3805
0
0
0
0
0
3850
3852
3823
3816
3861
0
0
0
0
0
3834
3837
3856
3839
3808
0
0
0
0
0
3860
3855
3819
3815
3817
0
0
0
0
0
3811
3819
3813
3808
3823
0
0
0
0
0
3811
3861
3819
3797
3832
0
0
0
0
0
3845
3849
3847
3831
3848
0
0
0
0
0
3824
3818
3827
3811
3824
0
0
0
0
0
3832
3816
3827
3824
