0
26
-242
187
1958
1958
187
-215
-185
-29
1906
3859
4041
4030
3839
1896
-29
-185
-188
-27
1923
3867
4018
4014
3862
1922
-26
-188
-187
-27
1916
3865
4034
4028
3856
1914
-27
-187
-187
-27
1913
3853
4013
4012
3851
1911
-27
-186
-186
-29
1914
3870
4035
4023
3857
1916
-27
-187
-187
-28
1918
3861
4001
3992
3851
1919
-27
-187
-186
-28
1909
3855
4026
4031
3869
1921
-27
-188
-186
-26
1907
3824
3985
4024
3877
1915
-31
-186
-187
-27
1919
3857
4000
3989
3848
1924
-24
-188
-190
-24
1941
3881
4008
3992
3844
1916
-25
-187
-187
-27
1914
3854
4003
3984
3825
1904
-26
-186
-186
-26
1906
3836
4008
4024
3861
1913
-28
-186
-189
-25
1931
3865
4011
4030
3890
1934
-27
-189
-189
-28
1946
3908
4031
4007
3853
1909
-30
-186
-186
-28
1910
3858
4030
4039
3885
1932
-27
-189
-187
-26
1914
3848
4014
4036
3876
1916
-29
-187
-185
-29
1903
3851
4026
4026
3855
1909
-29
-186
-187
-26
1915
3844
4004
4013
3826
1876
-32
-182
-186
-29
1905
3846
4011
4022
3864
1913
-29
-186
-186
-27
1910
3840
3998
4022
3872
1917
-29
-187
-186
-26
1904
3832
4005
4030
3865
1909
-29
-186
-188
-28
1927
3881
4036
4015
3835
1896
-29
-184
-189
-25
1928
3865
4008
4002
3851
1917
-26
-187
-186
-28
1908
3841
4002
4009
3842
1896
-30
-184
-188
-28
1927
3879
4034
4026
3846
1895
-31
-184
-187
-28
1915
3857
4001
3997
3856
1920
-27
-187
-187
-30
1920
3880
4032
4007
3847
1914
-27
-187
-187
-26
1915
3848
4012
4039
3877
1912
-31
-186
-186
-26
1905
3832
4007
4027
3857
1906
-29
-186
-188
-25
1926
3855
3992
3995
3846
1908
-28
-186
-186
-24
1904
3815
3976
4004
3854
1913
-27
-187
-187
-26
1915
3851
4020
4036
3861
1904
-30
-185
-188
-29
1926
3886
4042
4041
3884
1926
-29
-188
-184
-32
1903
3860
4018
4003
3851
1916
-28
-187
-186
-28
1911
3847
4004
4023
3892
1940
-27
-189
-187
-26
1916
3850
4022
4029
3836
1885
-31
-183
-186
-29
1908
3855
4035
4037
3846
1891
-31
-184
-188
-27
1927
3864
3992
3982
3841
1911
-27
-186
-185
-28
1903
3841
4003
4005
3851
1913
-27
-187
-186
-29
1906
3858
4031
4018
3842
1907
-27
-186
-189
-27
1931
3882
4031
4030
3872
1919
-29
-187
-187
-26
1917
3845
4000
4023
3874
1918
-29
-187
-187
-26
1911
3843
4019
4034
3856
1905
-28
-186
-187
-29
1917
3867
4023
4016
3859
1916
-28
-187
-186
-30
1919
3878
4022
4002
3852
1916
-28
-187
-186
-28
1905
3846
4006
3997
3837
1907
-27
-186
-187
-31
1919
3883
4033
4011
3857
1920
-27
-187
-188
-28
1925
3874
4019
4011
3859
1917
-28
-187
-186
-27
1902
3842
4026
4039
3871
1921
-27
-188
-186
-29
1906
3850
4018
4021
3855
1909
-29
-186
-186
-29
1911
3866
4032
4005
3821
1892
-28
-184
-189
-26
1930
3881
4033
4010
3836
1905
-26
-186
-186
-27
1908
3838
3993
4002
3848
1908
-28
-185
-190
-26
1946
3896
4020
4005
3857
1916
-28
-187
-186
-27
1906
3838
4000
4005
3857
1923
-25
-188
-186
-27
1909
3850
4015
4011
3843
1907
-27
-186
-187
-26
1916
3851
4015
4020
3844
1897
-29
-185
-186
-29
1905
3860
4032
4012
3845
1915
-25
-187
-186
-30
1917
3875
4031
4019
3860
1917
-28
-187
-187
-26
1912
3843
4000
4013
3858
1912
-28
-186
-187
-28
1919
3870
4027
4018
3856
1914
-28
-186
-189
-28
1932
3887
4023
3993
3840
1915
-25
-187
-187
-26
1918
3851
4010
4027
3864
1909
-30
-186
-188
-27
1923
3867
4023
4019
3847
1902
-29
-185
-186
-32
1914
3880
4035
4005
3843
1910
-28
-186
-186
-28
1910
3857
4027
4021
3853
1914
-26
-187
-187
-27
1917
3855
4011
4009
3840
1901
-28
-185
-187
-28
1921
3856
3985
3986
3857
1922
-27
-187
-187
-25
1914
3839
4000
4026
3866
1910
-30
-186
-188
-28
1924
3880
4043
4030
3853
1906
-29
-185
-190
-26
1941
3885
4013
4006
3864
1924
-27
-188
-186
-28
1911
3847
3996
3998
3855
1918
-27
-187
-187
-25
1916
3839
3984
3998
3862
1925
-26
-188
-188
-26
1922
3855
4011
4026
3870
1917
-28
-187
-188
-27
1922
3870
4028
4010
3835
1904
-26
-186
-186
-28
1912
3859
4017
4003
3847
1917
-26
-187
-186
-29
1912
3856
3998
3988
3848
1918
-27
-187
-186
-28
1909
3842
3993
4002
3865
1925
-27
-188
-187
-26
1914
3850
4011
4011
3847
1909
-27
-186
-187
-29
1920
3875
4028
4014
3862
1926
-26
-188
-185
-29
1901
3843
4019
4031
3863
1908
-30
-185
-189
-24
1925
3852
4001
4018
3864
1914
-28
-187
-186
-30
1913
3875
4041
4028
3858
1910
-29
-186
-188
-25
1923
3855
4014
4026
3864
1916
-27
-187
-186
-30
1908
3865
4035
4019
3844
1905
-28
-186
-187
-27
1920
3861
4009
4015
3873
1927
-27
-188
-190
-23
1942
3874
4005
4003
3846
1907
-28
-186
-186
-28
1910
3851
4017
4031
3873
1916
-30
-187
-186
-29
1909
3865
4033
4022
3867
1929
-25
-189
-187
-26
1916
3853
4028
4052
3880
1914
-30
-186
-188
-26
1924
3865
4018
4023
3878
1934
-25
-190
-184
-29
1893
3835
4021
4023
3850
1911
-27
-186
-189
-24
1926
3853
4006
4019
3849
1899
-29
-185
-184
-28
1892
3821
3994
4009
3850
1908
-28
-186
-185
-28
1901
3839
4007
4020
3873
1926
-27
-188
-186
-26
1910
3835
3987
3999
3859
1923
-26
-188
-187
-28
1917
3864
4025
4021
3850
1904
-29
-185
-189
-26
1937
3882
4011
3997
3855
1923
-25
-188
-186
-30
1908
3867
4042
4039
3874
1922
-28
-188
-184
-29
1897
3833
4002
4026
3891
1938
-27
-189
-188
-25
1922
3857
4025
4050
3885
1921
-29
-188
-185
-30
1902
3858
4041
4026
3841
1903
-27
-186
-187
-28
1915
3861
4014
4013
3867
1924
-27
-188
-186
-28
1910
3850
4013
4020
3857
1907
-30
-185
-187
-28
1917
3853
3993
3996
3855
1914
-29
-186
-185
-27
1892
3820
4008
4033
3867
1916
-28
-187
-185
-30
1901
3858
4045
4040
3865
1920
-26
-188
-185
-29
1906
3847
4014
4032
3880
1921
-30
-187
-187
-27
1919
3858
4004
4009
3875
1933
-26
-189
-184
-32
1897
3866
4056
4027
3835
1901
-27
-186
-187
-30
1917
3868
4023
4024
3861
1905
-31
-185
-188
-25
1923
3856
4013
4013
3842
1903
-27
-185
-188
-28
1926
3878
4018
3997
3842
1911
-27
-186
-188
-29
1930
3898
4043
4005
3837
1908
-27
-186
-186
-30
1910
3868
4049
4048
3861
1901
-31
-185
-186
-31
1913
3875
4031
4004
3836
1903
-28
-185
-187
-28
1920
3860
4005
4018
3872
1915
-31
-186
-189
-27
1933
3877
4018
4015
3849
1900
-30
-184
-187
-28
1918
3867
4022
4010
3852
1917
-26
-187
-186
-29
1915
3868
4028
4013
3851
1915
-27
-187
-188
-25
1925
3855
3995
3997
3852
1917
-26
-187
-187
-26
1913
3847
4002
4006
3848
1909
-28
-186
-186
-28
1902
3847
4030
4035
3863
1916
-27
-187
-186
-27
1906
3845
4018
4020
3850
1908
-27
-186
-187
-29
1915
3875
4046
4048
3889
1932
-28
-189
-184
-30
1900
3852
4025
4018
3858
1919
-27
-187
-187
-27
1919
3858
4010
4004
3844
1908
-27
-186
-185
-30
1901
3852
4024
4017
3845
1902
-29
-185
-189
-26
1928
3867
4017
4025
3861
1908
-30
-186
-187
-26
1912
3849
4017
4019
3847
1905
-28
-186
-186
-29
1908
3858
4024
4004
3835
1907
-26
-186
-186
-29
1909
3854
4012
4005
3844
1907
-28
-186
-187
-30
1915
3883
4055
4022
3841
1910
-26
-187
-186
-28
1905
3842
4005
4009
3855
1917
-27
-187
-186
-30
1910
3871
4054
4058
3877
1911
-31
-186
-186
-29
1907
3860
4029
4021
3856
1915
-27
-187
-186
-30
1909
3860
4026
4026
3859
1908
-30
-186
-187
-26
1913
3845
4001
4009
3851
1908
-28
-186
-186
-28
1911
3852
4008
4005
3848
1909
-28
-186
-186
-28
1909
3854
4017
4013
3851
1912
-27
-187
-186
-26
1908
3836
3998
4005
3840
1902
-28
-185
-186
-27
1910
3846
4010
4020
3862
1916
-28
-187
-185
-30
1899
3855
4031
4021
3862
1926
-25
-188
-187
-30
1920
3879
4029
4015
3863
1921
-28
-187
-187
-24
1914
3834
3989
4005
3854
1916
-26
-187
-186
-27
1911
3848
4006
4017
3877
1933
-26
-189
-186
-27
1910
3837
3978
3985
3846
1912
-28
-186
-184
-31
1899
3851
4017
4009
3852
1913
-28
-186
-188
-29
1927
3877
4020
4016
3857
1905
-31
-185
-185
-29
1901
3845
4017
4015
3845
1905
-28
-185
-188
-25
1921
3854
4019
4040
3872
1911
-30
-186
-187
-27
1913
3844
4005
4029
3864
1902
-32
-185
-185
-27
1895
3822
4000
4021
3858
1910
-28
-186
-186
-30
1912
3862
4012
4002
3851
1913
-28
-187
-183
-34
1887
3854
4037
4011
3842
1913
-26
-187
-188
-26
1927
3874
4019
4001
3839
1909
-26
-187
-185
-28
1902
3844
4013
4011
3860
1927
-25
-189
-187
-26
1916
3847
4012
4029
3852
1895
-31
-184
-187
-28
1916
3858
4004
4004
3868
1928
-27
-188
-184
-30
1895
3839
4005
4008
3867
1927
-27
-188
-187
-27
1917
3859
4030
4037
3862
1909
-29
-186
-188
-25
1921
3850
4010
4033
3865
1905
-30
-185
-187
-27
1914
3850
4024
4047
3870
1903
-32
-185
-186
-29
1914
3869
4026
4016
3864
1924
-27
-188
-185
-31
1909
3866
4027
4022
3871
1924
-28
-188
-185
-26
1901
3821
3987
4025
3872
1910
-31
-185
-188
-24
1923
3850
4002
4019
3866
1917
-28
-187
-187
-28
1919
3874
4040
4026
3855
1915
-26
-187
-186
-28
1912
3853
4003
3994
3837
1904
-28
-185
-187
-30
1919
3871
4010
3998
3856
1919
-28
-187
-186
-29
1909
3856
4011
3995
3843
1916
-26
-187
-188
-24
1926
3852
3993
4011
3873
1926
-27
-188
-186
-29
1914
3867
4034
4028
3862
1917
-27
-187
-185
-27
1894
3828
4007
4003
3839
1914
-24
-188
-184
-30
1892
3839
4023
4025
3852
1907
-28
-186
-186
-29
1907
3855
4018
4015
3865
1927
-26
-188
-187
-29
1925
3884
4029
4005
3847
1914
-27
-187
-186
-27
1909
3849
4009
4002
3843
1913
-26
-187
-185
-27
1899
3826
4002
4026
3862
1909
-29
-186
-187
-28
1917
3864
4022
4017
3862
1923
-26
-188
-184
-29
1895
3831
4004
4014
3855
1913
-28
-186
-187
-26
1916
3848
4000
4007
3858
1917
-27
-187
-188
-27
1930
3877
4020
4016
3861
1916
-28
-187
-186
-28
1906
3848
4031
4044
3858
1897
-31
-185
-185
-31
1902
3862
4034
4005
3828
1903
-26
-185
-189
-25
1927
3866
4011
4001
3850
1922
-24
-188
-186
-30
1909
3866
4040
4023
3846
1908
-27
-186
-185
-29
1899
3845
4024
4034
3863
1909
-30
-186
-187
-29
1917
3874
4038
4023
3854
1914
-27
-187
-186
-32
1913
3877
4034
4024
3880
1934
-27
-189
-185
-28
1906
3840
3995
3999
3853
1916
-27
-187
-186
-27
1901
3844
4037
4039
3853
1909
-27
-186
-187
-28
1922
3873
4027
4007
3832
1899
-28
-185
-187
-28
1919
3861
4007
4014
3869
1920
-29
-187
-185
-30
1908
3864
4037
4034
3864
1912
-29
-186
-189
-24
1928
3855
3997
4004
3849
1911
-27
-186
-186
-27
1905
3846
4025
4030
3860
1916
-26
-187
-186
-29
1913
3857
4009
4000
3837
1900
-29
-185
-186
-29
1908
3852
4012
4014
3873
1932
-26
-189
-188
-27
1921
3865
4034
4043
3866
1907
-30
-186
-187
-28
1911
3854
4027
4042
3881
1923
-28
-188
-184
-28
1894
3826
3993
3995
3840
1910
-27
-186
-188
-28
1922
3878
4046
4020
3824
1888
-28
-184
-188
-26
1917
3853
4002
3999
3847
1915
-26
-187
-186
-27
1903
3832
3998
4005
3834
1895
-29
-184
-188
-27
1927
3860
3990
4009
3875
1917
-31
-186
-185
-29
1903
3848
4028
4034
3858
1907
-29
-186
-187
-27
1914
3853
4019
4024
3854
1908
-28
-186
-185
-30
1904
3859
4021
3997
3831
1904
-27
-186
-184
-31
1899
3859
4032
4021
3865
1926
-26
-188
-185
-30
1907
3872
4047
4015
3834
1907
-25
-186
-187
-24
1913
3829
3969
3983
3859
1931
-24
-189
-187
-28
1923
3880
4043
4027
3853
1912
-27
-187
-187
-26
1915
3843
3995
4007
3858
1916
-28
-187
-187
-26
1920
3855
4001
4006
3864
1924
-27
-188
-186
-27
1909
3835
3979
3992
3857
1917
-28
-187
-186
-29
1909
3853
4016
4017
3853
1909
-29
-186
-186
-28
1913
3856
4001
3992
3857
1929
-25
-189
-185
-28
1899
3844
4036
4046
3862
1906
-29
-186
-186
-30
1916
3871
4023
4021
3887
1939
-27
-190
-184
-31
1895
3847
4021
4014
3849
1910
-28
-186
-187
-26
1912
3841
3998
4017
3866
1915
-29
-186
-190
-23
1937
3864
4010
4031
3870
1912
-29
-186
-187
-27
1915
3856
4017
4028
3870
1917
-29
-187
-187
-28
1919
3864
4027
4028
3845
1891
-31
-184
-185
-31
1897
3852
4022
4001
3833
1905
-27
-186
-186
-28
1904
3842
4014
4032
3866
1909
-30
-185
-188
-28
1925
3875
4015
3999
3849
1914
-27
-187
-186
-29
1915
3865
4020
4025
3875
1922
-29
-187
-187
-29
1916
3869
4027
4004
3830
1900
-27
-185
-189
-28
1935
3893
4033
4011
3851
1912
-28
-186
-189
-26
1929
3868
4010
3997
3830
1897
-28
-184
-189
-24
1930
3859
4001
4012
3863
1918
-27
-187
-186
-29
1911
3866
4046
4053
3867
1902
-32
-185
-186
-29
1908
3843
3998
4016
3867
1911
-31
-185
-187
-28
1919
3865
4021
4015
3851
1910
-28
-186
-188
-26
1925
3863
4010
4003
3834
1896
-29
-184
-188
-27
1919
3859
4009
4009
3857
1917
-27
-187
-189
-28
1932
3888
4034
4011
3838
1900
-28
-185
-186
-27
1907
3842
4001
4007
3860
1922
-26
-188
-186
-27
1912
3844
3996
4006
3851
1906
-29
-185
-189
-25
1925
3862
4023
4024
3843
1898
-29
-185
-186
-29
1912
3860
4015
4006
3864
1931
-25
-189
-188
-25
1930
3868
4012
4018
3872
1926
-27
-188
-188
-27
1928
3867
4007
4028
3897
1935
-30
-188
-186
-28
1904
3860
4053
4041
3852
1913
-26
-187
-184
-30
1895
3848
4034
4028
3850
1909
-27
-186
-190
-24
1939
3866
3986
3997
3870
1927
-27
-188
-188
-25
1922
3857
4017
4026
3857
1906
-29
-185
-189
-25
1928
3861
4000
4007
3873
1931
-26
-189
-187
-24
1916
3840
3994
4001
3842
1908
-26
-186
-187
-28
1913
3866
4038
4012
3829
1903
-25
-186
-188
-26
1929
3867
4016
4033
3873
1909
-31
-185
-187
-25
1912
3833
3996
4026
3868
1912
-29
-186
-189
-23
1927
3848
3990
4005
3859
1918
-26
-187
-186
-27
1907
3837
4004
4014
3848
1904
-28
-186
-186
-29
1908
3864
4047
4036
3836
1887
-30
-184
-187
-29
1914
3861
4025
4033
3869
1911
-30
-186
-187
-29
1917
3882
4055
4035
3856
1914
-27
-187
-187
-27
1915
3852
4006
4006
3840
1898
-30
-185
-186
-28
1909
3848
4008
4005
3838
1901
-28
-185
-186
-28
1908
3854
4029
4027
3850
1906
-28
-186
-188
-27
1925
3872
4045
4068
3889
1911
-32
-186
-185
-29
1901
3842
4015
4027
3855
1898
-31
-184
-187
-28
1912
3849
4002
4017
3878
1926
-28
-188
-185
-30
1905
3854
4022
4025
3863
1912
-30
-186
-186
-26
1906
3838
4005
4005
3840
1907
-26
-186
-187
-27
1918
3857
4014
4025
3864
1912
-29
-186
-186
-27
1907
3834
3987
4002
3859
1917
-28
-187
-186
-27
1906
3841
4013
4033
3876
1922
-28
-188
-186
-28
1911
3852
4014
4026
3879
1928
-28
-188
-187
-28
1921
3872
4041
4040
3861
1907
-29
-186
-188
-29
1923
3882
4030
4007
3861
1931
-24
-189
-187
-26
1916
3854
4014
4012
3846
1907
-27
-186
-186
-28
1911
3849
4015
4030
3868
1912
-30
-186
-186
-30
1910
3866
4030
4019
3851
1908
-29
-186
-187
-26
1912
3842
4000
4010
3857
1915
-27
-187
-188
-27
1924
3870
4012
3990
3839
1916
-25
-187
-191
-22
1947
3873
3999
4016
3869
1915
-29
-186
-190
-26
1941
3882
4014
4025
3885
1926
-29
-188
-185
-28
1904
3846
4020
4031
3869
1917
-28
-187
-186
-28
1912
3858
4020
4024
3873
1927
-27
-188
-185
-31
1903
3862
4032
4014
3850
1917
-26
-187
-184
-29
1897
3836
4009
4014
3841
1895
-30
-184
-186
-30
1905
3857
4033
4039
3870
1914
-30
-187
-183
-30
1884
3821
4000
4008
3848
1909
-28
-186
-187
-26
1915
3849
4011
4022
3858
1911
-28
-186
-186
-27
1908
3838
4008
4029
3856
1899
-31
-185
-184
-32
1893
3846
4015
4014
3869
1928
-27
-188
-186
-28
1914
3857
4025
4033
3858
1902
-31
-185
-189
-25
1931
3872
4023
4022
3856
1909
-28
-186
-186
-26
1903
3835
4019
4028
3842
1898
-28
-185
-188
-28
1926
3880
4023
4007
3865
1930
-25
-189
-187
-28
1915
3864
4035
4033
3852
1902
-29
-185
-189
-28
1932
3886
4025
4002
3842
1908
-27
-186
-186
-28
1905
3843
4001
3997
3843
1911
-27
-187
-185
-31
1907
3865
4024
3997
3839
1915
-26
-187
-187
-28
1922
3876
4035
4027
3867
1923
-27
-188
-186
-27
1911
3849
4008
4005
3846
1911
-27
-186
-187
-27