72
527
1498
1954
679
-914
-411
1259
2255
3493
4783
4077
2488
1710
345
-1063
-175
1406
2017
3473
4980
3980
2378
1868
386
-1187
-148
1477
1959
3451
5041
3984
2350
1876
387
-1197
-140
1478
1946
3439
5026
3964
2343
1882
387
-1203
-137
1483
1946
3453
5054
3976
2340
1886
392
-1205
-141
1486
1946
3438
5024
3947
2331
1895
399
-1213
-143
1490
1941
3436
5045
3987
2354
1889
390
-1207
-140
1483
1933
3412
5009
3969
2370
1899
375
-1215
-126
1488
1936
3439
5026
3939
2330
1901
402
-1214
-143
1497
1965
3458
5033
3940
2322
1895
401
-1213
-143
1490
1943
3429
5020
3941
2310
1875
399
-1201
-144
1481
1939
3424
5023
3973
2357
1886
379
-1203
-132
1486
1952
3456
5041
3969
2372
1921
385
-1224
-131
1502
1963
3483
5067
3950
2320
1894
399
-1218
-140
1494
1940
3437
5057
3996
2363
1902
394
-1216
-141
1493
1941
3431
5040
3982
2363
1895
380
-1212
-132
1485
1930
3435
5046
3979
2342
1880
385
-1203
-135
1482
1938
3434
5021
3949
2326
1858
367
-1194
-121
1471
1925
3442
5035
3963
2354
1895
378
-1210
-129
1482
1932
3429
5024
3965
2361
1900
380
-1215
-130
1486
1925
3422
5029
3974
2357
1890
375
-1209
-125
1486
1947
3468
5058
3956
2320
1872
386
-1200
-134
1484
1950
3452
5031
3947
2336
1896
392
-1210
-139
1484
1936
3425
5019
3958
2335
1872
380
-1201
-130
1484
1950
3468
5057
3964
2332
1875
379
-1202
-130
1480
1938
3440
5027
3947
2337
1901
394
-1214
-140
1492
1951
3453
5055
3965
2323
1884
400
-1206
-145
1487
1947
3434
5033
3985
2367
1891
376
-1211
-128
1483
1926
3424
5027
3970
2353
1884
376
-1205
-127
1483
1942
3445
5017
3933
2334
1895
386
-1212
-133
1484
1923
3405
4998
3949
2351
1896
380
-1210
-129
1484
1937
3445
5041
3974
2355
1885
371
-1204
-124
1482
1949
3475
5071
3984
2361
1904
388
-1217
-137
1489
1932
3433
5043
3963
2327
1887
399
-1208
-145
1488
1941
3428
5030
3979
2372
1917
393
-1222
-140
1496
1942
3434
5039
3972
2332
1860
372
-1194
-125
1472
1934
3453
5049
3976
2344
1865
370
-1195
-124
1476
1943
3454
5017
3923
2326
1896
394
-1213
-139
1486
1931
3421
5023
3961
2338
1886
392
-1207
-140
1485
1940
3439
5045
3974
2332
1871
390
-1196
-140
1484
1961
3468
5054
3975
2352
1897
388
-1214
-135
1489
1939
3432
5026
3967
2361
1900
382
-1214
-133
1489
1934
3432
5040
3977
2351
1880
376
-1202
-129
1481
1941
3454
5047
3963
2342
1892
391
-1210
-139
1490
1948
3451
5049
3958
2324
1891
401
-1212
-144
1488
1936
3424
5022
3955
2325
1876
394
-1200
-142
1483
1955
3460
5053
3970
2332
1888
402
-1209
-147
1493
1957
3448
5044
3965
2334
1894
397
-1214
-141
1488
1934
3427
5043
3994
2362
1888
384
-1205
-136
1481
1937
3435
5036
3972
2345
1881
383
-1202
-135
1481
1942
3448
5044
3959
2310
1858
390
-1192
-138
1481
1960
3468
5047
3957
2324
1876
392
-1200
-140
1479
1937
3425
5010
3950
2343
1884
383
-1203
-134
1490
1968
3477
5048
3949
2329
1900
397
-1218
-140
1492
1931
3417
5022
3962
2342
1896
395
-1211
-141
1487
1940
3432
5031
3964
2333
1876
389
-1200
-139
1482
1945
3439
5031
3964
2338
1873
378
-1200
-130
1477
1934
3447
5047
3967
2333
1881
394
-1201
-141
1481
1953
3455
5049
3974
2341
1887
393
-1207
-142
1487
1940
3426
5021
3962
2347
1890
384
-1209
-133
1487
1944
3453
5050
3967
2337
1889
391
-1209
-136
1490
1958
3464
5046
3945
2315
1890
404
-1211
-144
1490
1946
3436
5032
3972
2352
1889
380
-1210
-130
1489
1944
3452
5048
3960
2333
1882
382
-1204
-132
1481
1944
3459
5054
3961
2322
1878
398
-1202
-146
1485
1947
3437
5041
3979
2340
1879
393
-1202
-142
1485
1946
3440
5027
3957
2332
1874
385
-1200
-135
1481
1943
3438
5012
3935
2336
1906
398
-1220
-141
1495
1938
3422
5026
3971
2356
1891
378
-1210
-129
1489
1947
3465
5067
3976
2334
1880
388
-1205
-135
1491
1961
3468
5043
3949
2339
1910
396
-1221
-139
1493
1935
3423
5023
3953
2335
1895
396
-1213
-141
1491
1939
3421
5009
3948
2348
1906
393
-1216
-139
1493
1946
3439
5037
3971
2356
1898
383
-1213
-132
1490
1946
3452
5047
3959
2322
1875
391
-1199
-139
1479
1944
3443
5032
3958
2336
1884
395
-1202
-144
1482
1945
3433
5017
3946
2331
1891
399
-1210
-144
1487
1938
3421
5015
3959
2349
1901
394
-1215
-140
1491
1941
3431
5030
3964
2335
1882
389
-1204
-137
1485
1950
3457
5049
3968
2342
1897
398
-1211
-145
1486
1937
3423
5036
3987
2352
1877
383
-1203
-134
1485
1947
3442
5025
3957
2354
1900
379
-1213
-129
1486
1940
3457
5064
3978
2339
1882
388
-1205
-136
1486
1948
3445
5035
3970
2354
1894
383
-1210
-133
1485
1937
3447
5054
3971
2330
1873
390
-1200
-138
1482
1948
3447
5032
3964
2356
1905
391
-1215
-139
1499
1961
3454
5034
3943
2327
1893
390
-1214
-133
1487
1933
3438
5043
3977
2359
1895
381
-1212
-131
1485
1938
3447
5054
3981
2347
1894
400
-1210
-145
1489
1949
3441
5046
3999
2372
1887
374
-1206
-129
1486
1945
3453
5046
3968
2360
1914
392
-1220
-138
1487
1924
3417
5036
3980
2344
1876
386
-1198
-137
1482
1950
3446
5024
3955
2346
1880
374
-1202
-129
1474
1917
3411
5012
3958
2346
1883
381
-1203
-133
1477
1930
3427
5027
3973
2362
1899
388
-1212
-138
1487
1934
3418
5010
3951
2347
1901
393
-1214
-139
1491
1945
3445
5047
3969
2336
1878
385
-1204
-133
1489
1957
3464
5040
3942
2331
1905
400
-1216
-144
1492
1944
3444
5063
3998
2354
1888
391
-1207
-141
1481
1930
3416
5025
3984
2376
1911
389
-1217
-139
1494
1950
3444
5049
3995
2373
1897
379
-1212
-132
1485
1932
3441
5055
3982
2331
1866
388
-1194
-139
1477
1948
3446
5032
3966
2351
1898
392
-1212
-140
1488
1939
3431
5035
3971
2342
1884
384
-1208
-132
1484
1937
3436
5020
3943
2337
1898
390
-1214
-138
1485
1921
3408
5025
3985
2366
1885
378
-1203
-132
1477
1936
3447
5057
3997
2356
1881
387
-1198
-141
1477
1941
3435
5032
3983
2369
1895
381
-1211
-133
1488
1942
3439
5033
3960
2353
1913
397
-1221
-142
1491
1937
3438
5068
3993
2320
1855
395
-1189
-145
1477
1953
3453
5040
3972
2347
1880
382
-1204
-135
1487
1947
3442
5033
3957
2333
1879
385
-1203
-133
1484
1951
3460
5041
3945
2322
1889
396
-1208
-141
1492
1962
3471
5063
3961
2311
1876
403
-1203
-147
1486
1949
3450
5063
4002
2348
1867
380
-1198
-134
1480
1943
3455
5048
3959
2318
1871
396
-1200
-143
1485
1948
3442
5032
3964
2352
1900
385
-1218
-132
1498
1950
3456
5051
3955
2327
1885
386
-1211
-132
1489
1941
3449
5046
3961
2333
1891
396
-1210
-141
1489
1946
3447
5047
3969
2333
1883
396
-1204
-143
1488
1951
3437
5018
3945
2338
1897
393
-1212
-139
1488
1939
3430
5021
3956
2338
1884
388
-1206
-136
1481
1934
3436
5044
3988
2355
1883
384
-1202
-136
1479
1936
3434
5031
3970
2347
1876
383
-1198
-136
1480
1949
3463
5066
4001
2371
1900
389
-1213
-139
1485
1935
3430
5041
3981
2341
1882
397
-1204
-145
1487
1950
3438
5027
3956
2331
1882
391
-1205
-139
1481
1935
3432
5041
3973
2332
1870
387
-1199
-137
1485
1953
3456
5040
3965
2349
1889
380
-1209
-130
1484
1935
3439
5035
3964
2340
1880
381
-1202
-131
1477
1937
3444
5037
3958
2325
1874
393
-1198
-141
1477
1943
3438
5025
3959
2334
1877
389
-1201
-139
1484
1951
3462
5069
3980
2324
1870
397
-1196
-145
1476
1942
3426
5017
3965
2348
1886
389
-1204
-140
1484
1947
3455
5073
4010
2361
1880
378
-1204
-131
1480
1936
3446
5047
3973
2344
1883
390
-1203
-140
1481
1943
3443
5043
3979
2346
1879
384
-1203
-136
1483
1939
3431
5021
3956
2341
1886
384
-1206
-134
1483
1936
3435
5029
3955
2334
1886
389
-1208
-135
1483
1937
3438
5036
3965
2339
1885
389
-1205
-138
1482
1935
3423
5014
3951
2337
1877
382
-1200
-134
1479
1936
3436
5029
3966
2354
1892
383
-1208
-134
1481
1931
3439
5048
3980
2349
1888
396
-1204
-145
1486
1957
3455
5048
3974
2339
1890
400
-1211
-145
1491
1940
3417
5009
3954
2347
1893
387
-1209
-136
1486
1936
3433
5031
3968
2361
1911
391
-1218
-138
1489
1933
3414
5003
3938
2330
1894
393
-1213
-138
1485
1930
3429
5037
3968
2336
1881
394
-1204
-142
1488
1956
3457
5044
3963
2336
1886
386
-1209
-136
1484
1931
3427
5034
3970
2334
1874
387
-1200
-137
1484
1947
3447
5041
3979
2364
1892
373
-1209
-126
1483
1931
3436
5033
3965
2354
1890
371
-1210
-124
1478
1915
3415
5021
3966
2355
1888
377
-1206
-129
1481
1936
3445
5035
3953
2332
1890
394
-1210
-141
1481
1927
3428
5048
3983
2327
1866
401
-1194
-150
1485
1964
3453
5033
3955
2325
1878
397
-1202
-144
1481
1937
3426
5028
3971
2350
1892
396
-1206
-144
1486
1946
3435
5029
3970
2347
1874
371
-1201
-125
1479
1935
3446
5031
3952
2349
1909
394
-1218
-140
1486
1927
3414
5027
3972
2348
1896
397
-1210
-146
1492
1950
3441
5048
3988
2350
1879
384
-1204
-134
1485
1943
3443
5033
3969
2358
1889
372
-1209
-124
1483
1933
3446
5048
3983
2363
1886
367
-1207
-122
1482
1935
3455
5052
3967
2343
1898
396
-1212
-143
1489
1942
3442
5050
3981
2348
1894
395
-1211
-144
1487
1929
3405
5011
3971
2366
1893
373
-1211
-126
1488
1938
3442
5030
3958
2353
1903
382
-1215
-130
1489
1944
3458
5062
3976
2338
1885
391
-1204
-140
1483
1941
3434
5021
3945
2325
1879
389
-1202
-137
1482
1947
3450
5034
3950
2334
1897
396
-1213
-142
1489
1939
3431
5029
3956
2325
1883
402
-1204
-148
1490
1954
3435
5017
3959
2358
1908
390
-1219
-137
1494
1941
3446
5058
3982
2343
1887
393
-1208
-141
1482
1926
3412
5017
3964
2336
1875
394
-1196
-145
1474
1933
3425
5031
3983
2348
1870
383
-1195
-138
1476
1941
3440
5034
3972
2351
1895
395
-1209
-142
1490
1957
3459
5050
3960
2324
1885
401
-1207
-147
1488
1942
3426
5026
3960
2329
1882
396
-1204
-143
1481
1931
3414
5018
3975
2359
1884
376
-1205
-128
1482
1940
3452
5045
3965
2347
1898
391
-1210
-140
1482
1926
3414
5021
3969
2347
1884
386
-1204
-137
1484
1941
3433
5023
3955
2344
1897
389
-1212
-136
1493
1953
3457
5049
3961
2339
1897
392
-1215
-138
1490
1934
3434
5050
3991
2349
1871
373
-1200
-127
1476
1930
3446
5049
3959
2317
1867
393
-1194
-141
1481
1957
3453
5026
3950
2340
1894
395
-1207
-143
1485
1946
3446
5053
3981
2333
1871
391
-1198
-140
1475
1936
3433
5037
3986
2357
1878
378
-1201
-131
1480
1947
3460
5056
3973
2339
1883
390
-1202
-141
1483
1948
3454
5058
3983
2354
1904
400
-1217
-145
1490
1937
3414
5016
3959
2337
1889
396
-1209
-143
1486
1937
3430
5046
3996
2351
1867
384
-1194
-136
1478
1952
3460
5041
3954
2322
1870
388
-1197
-137
1479
1947
3446
5031
3962
2351
1901
388
-1216
-135
1489
1937
3445
5059
3987
2347
1882
386
-1205
-136
1488
1949
3441
5022
3944
2338
1895
385
-1211
-132
1483
1933
3434
5042
3981
2351
1886
384
-1203
-135
1480
1940
3441
5027
3948
2325
1877
385
-1201
-135
1479
1936
3439
5032
3969
2357
1905
394
-1214
-141
1492
1952
3450
5054
3990
2354
1880
379
-1204
-131
1481
1938
3446
5048
3988
2370
1897
381
-1210
-134
1480
1921
3409
5010
3950
2333
1882
389
-1202
-138
1485
1954
3463
5057
3968
2316
1853
384
-1188
-136
1474
1945
3443
5018
3946
2338
1890
391
-1207
-139
1482
1931
3417
5013
3954
2331
1869
381
-1198
-132
1482
1945
3448
5024
3946
2353
1914
382
-1225
-129
1492
1926
3431
5052
3985
2345
1878
383
-1204
-133
1483
1939
3442
5039
3969
2345
1883
382
-1204
-133
1479
1934
3440
5036
3954
2318
1870
395
-1196
-144
1476
1940
3441
5044
3984
2351
1887
396
-1204
-146
1484
1950
3448
5054
3980
2321
1861
399
-1190
-149
1476
1946
3413
4984
3938
2351
1908
396
-1214
-143
1493
1958
3457
5061
3982
2336
1876
395
-1202
-143
1484
1944
3427
5015
3957
2346
1895
387
-1211
-135
1488
1942
3439
5026
3955
2346
1904
393
-1217
-138
1489
1931
3414
5006
3943
2340
1902
390
-1217
-135
1489
1934
3434
5039
3968
2338
1883
388
-1207
-135
1484
1938
3437
5025
3947
2338
1904
401
-1214
-146
1488
1937
3427
5049
4002
2356
1870
378
-1196
-133
1477
1946
3456
5048
3975
2363
1914
398
-1221
-144
1490
1931
3419
5038
3979
2333
1873
395
-1201
-143
1483
1941
3426
5019
3965
2355
1894
382
-1210
-133
1494
1954
3453
5041
3965
2355
1901
378
-1217
-126
1489
1933
3444
5045
3971
2354
1898
384
-1215
-131
1490
1941
3449
5051
3969
2333
1870
376
-1201
-128
1476
1924
3436
5039
3957
2320
1873
394
-1199
-141
1477
1939
3431
5029
3981
2361
1882
375
-1203
-129
1483
1947
3457
5041
3946
2328
1894
395
-1211
-141
1490
1944
3444
5048
3976
2353
1900
390
-1216
-137
1492
1944
3446
5046
3959
2314
1868
395
-1198
-141
1487
1965
3472
5056
3960
2327
1888
396
-1210
-140
1493
1952
3449
5032
3941
2315
1877
389
-1204
-134
1487
1949
3449
5028
3949
2350
1904
384
-1216
-131
1488
1938
3453
5068
3998
2353
1876
375
-1204
-128
1480
1927
3432
5026
3959
2352
1898
379
-1215
-128
1489
1940
3448
5046
3962
2335
1885
390
-1207
-137
1489
1948
3446
5031
3947
2321
1875
386
-1203
-133
1483
1942
3446
5032
3955
2343
1895
390
-1211
-137
1493
1959
3465
5058
3958
2317
1876
392
-1204
-138
1482
1934
3426
5021
3960
2348
1896
392
-1210
-141
1488
1938
3426
5019
3954
2339
1886
384
-1208
-132
1488
1947
3451
5043
3963
2335
1876
379
-1202
-129
1479
1936
3447
5037
3959
2346
1904
398
-1213
-143
1493
1958
3448
5037
3967
2353
1905
392
-1216
-139
1495
1950
3448
5042
3974
2370
1923
389
-1229
-136
1499
1933
3439
5070
3999
2341
1870
391
-1196
-141
1473
1936
3434
5042
3987
2345
1868
387
-1195
-138
1483
1961
3454
5013
3938
2350
1918
392
-1225
-135
1498
1943
3440
5043
3970
2343
1886
382
-1209
-129
1488
1944
3449
5031
3949
2353
1918
392
-1224
-135
1495
1935
3423
5017
3948
2333
1887
387
-1205
-136
1484
1944
3450
5049
3966
2320
1866
393
-1193
-141
1480
1958
3458
5037
3972
2360
1893
375
-1212
-127
1486
1927
3426
5023
3963
2361
1899
374
-1214
-124
1490
1936
3440
5022
3939
2347
1908
385
-1218
-131
1487
1928
3424
5025
3961
2340
1882
381
-1204
-131
1480
1938
3454
5058
3982
2332
1853
375
-1188
-129
1470
1942
3458
5043
3974
2361
1888
376
-1207
-129
1485
1946
3468
5074
3987
2339
1879
393
-1202
-142
1484
1944
3436
5023
3954
2330
1874
385
-1203
-134
1482
1934
3433
5028
3951
2329
1877
384
-1201
-134
1479
1938
3444
5043
3976
2344
1873
383
-1197
-136
1482
1956
3467
5066
4006
2378
1890
368
-1209
-124
1479
1924
3432
5036
3973
2346
1875
376
-1203
-128
1480
1933
3438
5031
3962
2360
1911
387
-1221
-134
1490
1932
3433
5047
3978
2345
1886
387
-1209
-135
1484
1931
3424
5022
3955
2334
1880
386
-1201
-135
1481
1944
3447
5035
3968
2353
1892
380
-1210
-131
1484
1926
3421
5013
3948
2347
1900
387
-1215
-134
1487
1932
3427
5037
3982
2363
1898
384
-1213
-134
1488
1935
3436
5041
3976
2360
1907
388
-1218
-134
1493
1947
3457
5064
3985
2346
1881
381
-1205
-130
1484
1949
3464
5053
3962
2336
1902
405
-1214
-148
1493
1948
3433
5032
3965
2335
1878
389
-1201
-139
1481
1941
3437
5034
3977
2358
1890
378
-1208
-131
1484
1937
3447
5053
3970
2333
1881
389
-1205
-137
1483
1938
3428
5020
3959
2347
1892
387
-1209
-136
1489
1949
3448
5034
3944
2319
1890
403
-1209
-145
1498
1968
3456
5030
3953
2349
1908
384
-1223
-127
1500
1952
3465
5055
3962
2355
1920
389
-1230
-132
1497
1925
3427
5048
3983
2352
1892
387
-1212
-134
1487
1937
3442
5045
3975
2356
1901
391
-1214
-139
1487
1937
3439
5048
3977
2333
1878
399
-1201
-148
1480
1935
3416
5020
3970
2336
1863
380
-1194
-134
1474
1939
3448
5048
3990
2359
1884
380
-1203
-135
1473
1917
3406
5013
3966
2343
1877
385
-1200
-136
1480
1942
3440
5029
3966
2352
1887
380
-1206
-131
1480
1932
3431
5027
3969
2353
1879
370
-1203
-125
1474
1919
3432
5038
3969
2353
1900
392
-1211
-141
1488
1945
3441
5044
3980
2348
1877
377
-1203
-129
1487
1950
3462
5048
3960
2341
1892
383
-1211
-130
1483
1926
3430
5033
3971
2345
1868
374
-1193
-128
1475
1952
3469
5044
3956
2345
1905
399
-1215
-144
1493
1948
3444
5053
3985
2340
1870
384
-1199
-134
1484
1958
3467
5048
3950
2319
1886
396
-1208
-141
1484
1935
3423
5018
3953
2332
1882
392
-1203
-140
1480
1943
3442
5038
3960
2322
1878
403
-1202
-148
1488
1959
3455
5053
3982
2349
1891
393
-1207
-142
1485
1942
3431
5024
3960
2334
1881
393
-1205
-139
1484
1943
3437
